      0.001          0.830507E-05
      0.121          0.824598E-05
      0.242          0.818448E-05
      0.364          0.812060E-05
      0.485          0.805440E-05
      0.606          0.798596E-05
      0.727          0.796074E-05
      0.848          0.784264E-05
      0.970          0.776792E-05
      1.091          0.769127E-05
      1.212          0.761277E-05
      1.333          0.753250E-05
      1.455          0.745056E-05
      1.576          0.736703E-05
      1.697          0.728200E-05
      1.818          0.725531E-05
      1.939          0.711427E-05
      2.061          0.701885E-05
      2.182          0.692875E-05
      2.303          0.683762E-05
      2.424          0.674555E-05
      2.545          0.665263E-05
      2.667          0.655895E-05
      2.788          0.646460E-05
      2.909          0.636968E-05
      3.030          0.627427E-05
      3.152          0.617846E-05
      3.273          0.608234E-05
      3.394          0.598598E-05
      3.515          0.600374E-05
      3.636          0.585171E-05
      3.758          0.569960E-05
      3.879          0.559990E-05
      4.000          0.550360E-05
      4.121          0.540754E-05
      4.242          0.531178E-05
      4.364          0.521639E-05
      4.485          0.512144E-05
      4.606          0.502698E-05
      4.727          0.493308E-05
      4.848          0.483979E-05
      4.970          0.474717E-05
      5.091          0.465526E-05
      5.212          0.456412E-05
      5.333          0.447379E-05
      5.455          0.438432E-05
      5.576          0.429574E-05
      5.697          0.420808E-05
      5.818          0.412140E-05
      5.939          0.403572E-05
      6.061          0.395106E-05
      6.182          0.411267E-05
      6.303          0.395880E-05
      6.424          0.380837E-05
      6.545          0.366152E-05
      6.667          0.354411E-05
      6.788          0.346614E-05
      6.909          0.338934E-05
      7.030          0.331373E-05
      7.152          0.323931E-05
      7.273          0.316610E-05
      7.394          0.309410E-05
      7.515          0.302332E-05
      7.636          0.295376E-05
      7.758          0.288542E-05
      7.879          0.281831E-05
      8.000          0.275242E-05
      8.121          0.268774E-05
      8.242          0.262429E-05
      8.364          0.256204E-05
      8.485          0.250100E-05
      8.606          0.244115E-05
      8.727          0.238250E-05
      8.848          0.232503E-05
      8.970          0.226873E-05
      9.091          0.221361E-05
      9.212          0.215964E-05
      9.333          0.210680E-05
      9.455          0.205508E-05
      9.576          0.200449E-05
      9.697          0.195500E-05
      9.818          0.190659E-05
      9.939          0.185927E-05
     10.061          0.181301E-05
     10.182          0.176779E-05
     10.303          0.172359E-05
     10.424          0.168041E-05
     10.545          0.163823E-05
     10.667          0.159703E-05
     10.788          0.155680E-05
     10.909          0.151752E-05
     11.030          0.147916E-05
     11.152          0.144172E-05
     11.273          0.140518E-05
     11.394          0.136953E-05
     11.515          0.133473E-05
     11.636          0.130079E-05
     11.758          0.126767E-05
     11.879          0.138826E-05
     12.000          0.132782E-05
