      0.001          0.135760E-04
      0.121          0.134853E-04
      0.242          0.133872E-04
      0.364          0.132819E-04
      0.485          0.131695E-04
      0.606          0.130503E-04
      0.727          0.129246E-04
      0.848          0.127925E-04
      0.970          0.126544E-04
      1.091          0.125104E-04
      1.212          0.123610E-04
      1.333          0.122064E-04
      1.455          0.120909E-04
      1.576          0.118828E-04
      1.697          0.117144E-04
      1.818          0.115421E-04
      1.939          0.113662E-04
      2.061          0.111870E-04
      2.182          0.110049E-04
      2.303          0.108201E-04
      2.424          0.106330E-04
      2.545          0.104439E-04
      2.667          0.104959E-04
      2.788          0.101251E-04
      2.909          0.986773E-05
      3.030          0.967371E-05
      3.152          0.947919E-05
      3.273          0.928444E-05
      3.394          0.908974E-05
      3.515          0.889534E-05
      3.636          0.870147E-05
      3.758          0.850838E-05
      3.879          0.831630E-05
      4.000          0.812542E-05
      4.121          0.793595E-05
      4.242          0.774807E-05
      4.364          0.756197E-05
      4.485          0.737781E-05
      4.606          0.719573E-05
      4.727          0.701588E-05
      4.848          0.683839E-05
      4.970          0.666337E-05
      5.091          0.702905E-05
      5.212          0.664780E-05
      5.333          0.627866E-05
      5.455          0.599006E-05
      5.576          0.582885E-05
      5.697          0.567060E-05
      5.818          0.551537E-05
      5.939          0.536319E-05
      6.061          0.521409E-05
      6.182          0.506811E-05
      6.303          0.492525E-05
      6.424          0.478553E-05
      6.545          0.464895E-05
      6.667          0.451552E-05
      6.788          0.438523E-05
      6.909          0.425805E-05
      7.030          0.413396E-05
      7.152          0.401295E-05
      7.273          0.389501E-05
      7.394          0.378011E-05
      7.515          0.366823E-05
      7.636          0.355929E-05
      7.758          0.345326E-05
      7.879          0.335013E-05
      8.000          0.324983E-05
      8.121          0.315235E-05
      8.242          0.305762E-05
      8.364          0.296558E-05
      8.485          0.287619E-05
      8.606          0.278939E-05
      8.727          0.270515E-05
      8.848          0.262340E-05
      8.970          0.254409E-05
      9.091          0.246716E-05
      9.212          0.239257E-05
      9.333          0.232024E-05
      9.455          0.225014E-05
      9.576          0.218220E-05
      9.697          0.238789E-05
      9.818          0.226547E-05
      9.939          0.214946E-05
     10.061          0.203957E-05
     10.182          0.193555E-05
     10.303          0.183712E-05
     10.424          0.176275E-05
     10.545          0.171020E-05
     10.667          0.165934E-05
     10.788          0.161013E-05
     10.909          0.156251E-05
     11.030          0.151645E-05
     11.152          0.147190E-05
     11.273          0.142881E-05
     11.394          0.138717E-05
     11.515          0.134691E-05
     11.636          0.130797E-05
     11.758          0.127029E-05
     11.879          0.123387E-05
     12.000          0.119866E-05
