      0.001          0.386393E-03
      0.121          0.310389E-03
      0.242          0.250259E-03
      0.364          0.201363E-03
      0.485          0.161040E-03
      0.606          0.127731E-03
      0.727          0.100327E-03
      0.848          0.825853E-04
      0.970          0.597365E-04
      1.091          0.450597E-04
      1.212          0.332786E-04
      1.333          0.238628E-04
      1.455          0.163632E-04
      1.576          0.104845E-04
      1.697          0.568548E-05
      1.818          0.195170E-05
      1.939         -0.996008E-06
      2.061         -0.331842E-05
      2.182         -0.514360E-05
      2.303         -0.657392E-05
      2.424         -0.768997E-05
      2.545         -0.810514E-05
      2.667         -0.916387E-05
      2.788         -0.972901E-05
      2.909         -0.101090E-04
      3.030         -0.103872E-04
      3.152         -0.105851E-04
      3.273         -0.107181E-04
      3.394         -0.108004E-04
      3.515         -0.108416E-04
      3.636         -0.108504E-04
      3.758         -0.108330E-04
      3.879         -0.107948E-04
      4.000         -0.107399E-04
      4.121         -0.107309E-04
      4.242         -0.106193E-04
      4.364         -0.105074E-04
      4.485         -0.104147E-04
      4.606         -0.103175E-04
      4.727         -0.102173E-04
      4.848         -0.101143E-04
      4.970         -0.100101E-04
      5.091         -0.990528E-05
      5.212         -0.979996E-05
      5.333         -0.969490E-05
      5.455         -0.959034E-05
      5.576         -0.948636E-05
      5.697         -0.938320E-05
      5.818         -0.928097E-05
      5.939         -0.917976E-05
      6.061         -0.907966E-05
      6.182         -0.898071E-05
      6.303         -0.888300E-05
      6.424         -0.878664E-05
      6.545         -0.886585E-05
      6.667         -0.868964E-05
      6.788         -0.851812E-05
      6.909         -0.841448E-05
      7.030         -0.832462E-05
      7.152         -0.823609E-05
      7.273         -0.814890E-05
      7.394         -0.806308E-05
      7.515         -0.797855E-05
      7.636         -0.789512E-05
      7.758         -0.781292E-05
      7.879         -0.773192E-05
      8.000         -0.765210E-05
      8.121         -0.757345E-05
      8.242         -0.749587E-05
      8.364         -0.741935E-05
      8.485         -0.734386E-05
      8.606         -0.726935E-05
      8.727         -0.719577E-05
      8.848         -0.712314E-05
      8.970         -0.705146E-05
      9.091         -0.698065E-05
      9.212         -0.691066E-05
      9.333         -0.684145E-05
      9.455         -0.677301E-05
      9.576         -0.670542E-05
      9.697         -0.663859E-05
      9.818         -0.657249E-05
      9.939         -0.650709E-05
     10.061         -0.644236E-05
     10.182         -0.651046E-05
     10.303         -0.641747E-05
     10.424         -0.632589E-05
     10.545         -0.623569E-05
     10.667         -0.614681E-05
     10.788         -0.606817E-05
     10.909         -0.600803E-05
     11.030         -0.594849E-05
     11.152         -0.588954E-05
     11.273         -0.583116E-05
     11.394         -0.577333E-05
     11.515         -0.571603E-05
     11.636         -0.565925E-05
     11.758         -0.560303E-05
     11.879         -0.554737E-05
     12.000         -0.549223E-05
